57.4402,-155.2658,0
75.1501,-160.5905,0
80.4506,-162.5342,0
89.2348,-162.8867,0
93.5432,-160.3766,0
98.1178,-151.4586,0
108.3699,-144.9327,0
108.8971,-141.6031,0
111.7332,-137.5218,0
110.9995,-133.2536,0
104.6076,-131.4826,0
87.3304,-133.8519,0
70.6005,-141.1713,0
57.3596,-150.2708,0
56.3974,-164.3166,0
56.7854,-176.5882,0
59.4847,-183.5708,0
63.7540,-182.6172,0
70.2712,-182.1721,0
72.8282,-180.1237,0
78.9271,-179.7504,0
82.5215,-175.5717,0
84.8256,-174.6349,0
85.9273,-169.6883,0
90.0216,-166.5209,0
88.3181,-164.2537,0
88.6050,-164.6010,0
-57.4402,-155.2658,0
-75.1501,-160.5905,0
-80.4506,-162.5342,0
-89.2348,-162.8867,0
-93.5432,-160.3766,0
-98.1178,-151.4586,0
-108.3699,-144.9327,0
-108.8971,-141.6031,0
-111.7332,-137.5218,0
-110.9995,-133.2536,0
-104.6076,-131.4826,0
-87.3304,-133.8519,0
-70.6005,-141.1713,0
-57.3596,-150.2708,0
-56.3974,-164.3166,0
-56.7854,-176.5882,0
-59.4847,-183.5708,0
-63.7540,-182.6172,0
-70.2712,-182.1721,0
-72.8282,-180.1237,0
-78.9271,-179.7504,0
-82.5215,-175.5717,0
-84.8256,-174.6349,0
-85.9273,-169.6883,0
-90.0216,-166.5209,0
-88.3181,-164.2537,0
-88.6050,-164.6010,0
